14 #SUP: 23
15 #SUP: 90
15 1505 #SUP: 40
16 #SUP: 25
17 #SUP: 68
18 #SUP: 253
18 154 #SUP: 48
18 155 #SUP: 29
18 631 #SUP: 27
18 807 #SUP: 48
18 807 1639 #SUP: 36
18 1567 #SUP: 34
18 1638 #SUP: 41
18 1639 #SUP: 49
37 #SUP: 21
38 #SUP: 22
39 #SUP: 6
40 #SUP: 17
62 #SUP: 58
65 #SUP: 213
65 168 #SUP: 45
65 193 #SUP: 13
65 416 #SUP: 62
65 416 428 #SUP: 50
65 426 #SUP: 53
65 428 #SUP: 61
65 788 #SUP: 35
84 #SUP: 141
100 #SUP: 28
123 #SUP: 8
137 #SUP: 296
137 148 #SUP: 220
137 148 193 #SUP: 1
137 148 426 #SUP: 213
137 148 426 722 #SUP: 45
137 148 722 #SUP: 47
137 416 #SUP: 39
137 426 #SUP: 248
137 426 722 #SUP: 59
137 722 #SUP: 74
138 #SUP: 258
138 147 #SUP: 32
138 168 #SUP: 71
138 168 428 #SUP: 38
138 193 #SUP: 8
138 397 #SUP: 5
138 416 #SUP: 121
138 416 428 #SUP: 105
138 416 428 788 #SUP: 38
138 416 788 #SUP: 44
138 428 #SUP: 133
138 428 722 #SUP: 45
138 643 #SUP: 68
138 722 #SUP: 64
138 788 #SUP: 84
144 #SUP: 16
147 #SUP: 224
147 197 #SUP: 48
147 397 #SUP: 6
147 643 #SUP: 108
147 788 #SUP: 56
148 #SUP: 260
148 426 #SUP: 250
148 426 722 #SUP: 59
148 722 #SUP: 61
154 #SUP: 188
154 807 #SUP: 41
154 1505 #SUP: 36
155 #SUP: 115
155 1638 #SUP: 36
155 1639 #SUP: 40
156 #SUP: 65
168 #SUP: 271
168 193 #SUP: 6
168 397 #SUP: 5
168 416 #SUP: 55
168 428 #SUP: 63
168 643 #SUP: 74
168 788 #SUP: 59
172 #SUP: 88
193 #SUP: 77
195 #SUP: 268
195 197 #SUP: 77
195 227 #SUP: 16
195 328 #SUP: 5
195 397 #SUP: 7
195 461 #SUP: 28
195 787 #SUP: 18
195 788 #SUP: 52
197 #SUP: 334
197 328 #SUP: 17
197 397 #SUP: 17
197 787 #SUP: 30
197 788 #SUP: 68
197 899 #SUP: 33
197 1084 #SUP: 36
197 1569 #SUP: 52
216 #SUP: 18
218 #SUP: 42
227 #SUP: 154
247 #SUP: 68
253 #SUP: 53
273 #SUP: 13
275 #SUP: 87
276 #SUP: 43
291 #SUP: 29
292 #SUP: 34
297 #SUP: 116
297 643 #SUP: 47
328 #SUP: 65
358 #SUP: 37
388 #SUP: 75
397 #SUP: 49
399 #SUP: 25
407 #SUP: 44
415 #SUP: 23
416 #SUP: 315
416 428 #SUP: 232
416 428 722 #SUP: 73
416 428 788 #SUP: 56
416 722 #SUP: 101
416 788 #SUP: 74
426 #SUP: 349
426 722 #SUP: 90
428 #SUP: 291
428 722 #SUP: 99
428 788 #SUP: 60
446 #SUP: 27
447 #SUP: 69
460 #SUP: 46
461 #SUP: 226
461 787 #SUP: 61
461 899 #SUP: 27
461 1076 #SUP: 60
461 1569 #SUP: 20
462 #SUP: 83
463 #SUP: 182
463 1567 #SUP: 33
463 1638 #SUP: 41
531 #SUP: 8
580 #SUP: 79
580 722 #SUP: 28
580 898 #SUP: 36
612 #SUP: 30
631 #SUP: 124
643 #SUP: 278
643 722 #SUP: 38
643 788 #SUP: 67
643 899 #SUP: 36
722 #SUP: 309
722 788 #SUP: 36
787 #SUP: 169
788 #SUP: 302
807 #SUP: 278
807 1639 #SUP: 201
898 #SUP: 37
899 #SUP: 123
936 #SUP: 51
953 #SUP: 75
986 #SUP: 111
1060 #SUP: 28
1076 #SUP: 93
1084 #SUP: 76
1149 #SUP: 27
1211 #SUP: 21
1255 #SUP: 15
1293 #SUP: 34
1350 #SUP: 58
1372 #SUP: 32
1421 #SUP: 48
1422 #SUP: 27
1424 #SUP: 49
1425 #SUP: 69
1426 #SUP: 45
1491 #SUP: 69
1505 #SUP: 150
1567 #SUP: 167
1567 1638 #SUP: 32
1568 #SUP: 87
1569 #SUP: 122
1638 #SUP: 183
1639 #SUP: 268
1853 #SUP: 94
